147 350
150 390
158 414
166 435
178 462
196 497
215 530
245 550
293 565
340 555
378 533
400 500
427 468
439 437
452 416
456 390
463 343
268 329
245 312
234 306
220 305
195 308
345 334
370 318
384 314
400 315
428 315
303 390
300 415
303 433
301 455
299 487
267 452
283 473
318 469
336 453
203 332
235 333
256 347
263 381
223 375
207 366
353 387
360 351
385 336
415 341
406 371
382 386
225 521
246 517
268 512
295 506
319 510
342 520
366 528
339 538
315 533
296 527
275 531
250 532
235 524
274 518
295 517
317 521
358 532
317 521
295 517
274 518
496 358
290 657
0 697
599 696
0 0
0 400
0 799
300 799
599 799
599 400
599 0
300 0