123 361
126 394
126 453
130 494
140 531
160 590
193 643
242 679
304 694
365 676
414 635
441 584
459 528
466 498
468 464
469 405
460 347
155 349
172 335
202 330
231 327
249 344
307 336
325 327
357 323
386 318
412 329
283 355
281 382
280 416
283 448
231 465
252 475
284 472
313 472
344 459
183 359
202 347
229 350
246 359
227 365
202 366
325 356
337 341
369 337
389 345
376 351
352 354
211 532
239 529
266 522
292 528
315 523
342 527
368 530
348 544
326 552
298 557
261 558
232 551
220 535
269 534
295 538
315 535
360 533
315 535
295 538
269 534
510 374
306 763
0 659
599 642
0 0
0 400
0 799
300 799
599 799
599 400
599 0
300 0